%time,field.header.seq,field.header.stamp,field.header.frame_id,field.pose.pose.position.x,field.pose.pose.position.y,field.pose.pose.position.z,field.pose.pose.orientation.x,field.pose.pose.orientation.y,field.pose.pose.orientation.z,field.pose.pose.orientation.w,field.pose.covariance0,field.pose.covariance1,field.pose.covariance2,field.pose.covariance3,field.pose.covariance4,field.pose.covariance5,field.pose.covariance6,field.pose.covariance7,field.pose.covariance8,field.pose.covariance9,field.pose.covariance10,field.pose.covariance11,field.pose.covariance12,field.pose.covariance13,field.pose.covariance14,field.pose.covariance15,field.pose.covariance16,field.pose.covariance17,field.pose.covariance18,field.pose.covariance19,field.pose.covariance20,field.pose.covariance21,field.pose.covariance22,field.pose.covariance23,field.pose.covariance24,field.pose.covariance25,field.pose.covariance26,field.pose.covariance27,field.pose.covariance28,field.pose.covariance29,field.pose.covariance30,field.pose.covariance31,field.pose.covariance32,field.pose.covariance33,field.pose.covariance34,field.pose.covariance35
1461183509958246244,64,1461183509891347833,pose_estimate,1.96895247478,-0.864248315373,-0.0556155356999,-0.064721982925,0.0662827041702,-0.70619220352,0.701933216012,0.01,0.0,0.0,0.0,0.0,0.0,0.0,0.01,0.0,0.0,0.0,0.0,0.0,0.0,0.01,0.0,0.0,0.0,0.0,0.0,0.0,2000.0,0.0,0.0,0.0,0.0,0.0,0.0,2000.0,0.0,0.0,0.0,0.0,0.0,0.0,2000.0
1461183510481364791,65,1461183510410667785,pose_estimate,1.96171959643,-0.855387909728,-0.0587565754285,-0.061129195215,0.0643680542084,-0.704078088526,0.704552354583,0.01,0.0,0.0,0.0,0.0,0.0,0.0,0.01,0.0,0.0,0.0,0.0,0.0,0.0,0.01,0.0,0.0,0.0,0.0,0.0,0.0,2000.0,0.0,0.0,0.0,0.0,0.0,0.0,2000.0,0.0,0.0,0.0,0.0,0.0,0.0,2000.0
1461183510993502473,66,1461183510930415324,pose_estimate,1.9588676876,-0.854554665989,-0.0601143559061,-0.0600231281427,0.0650973228928,-0.704649638155,0.704008842337,0.01,0.0,0.0,0.0,0.0,0.0,0.0,0.01,0.0,0.0,0.0,0.0,0.0,0.0,0.01,0.0,0.0,0.0,0.0,0.0,0.0,2000.0,0.0,0.0,0.0,0.0,0.0,0.0,2000.0,0.0,0.0,0.0,0.0,0.0,0.0,2000.0
1461183511547468938,67,1461183511447797493,pose_estimate,1.92839306812,-0.832403017261,-0.0602118915708,-0.0658163679664,0.0620883570098,-0.702833990325,0.705576093469,0.01,0.0,0.0,0.0,0.0,0.0,0.0,0.01,0.0,0.0,0.0,0.0,0.0,0.0,0.01,0.0,0.0,0.0,0.0,0.0,0.0,2000.0,0.0,0.0,0.0,0.0,0.0,0.0,2000.0,0.0,0.0,0.0,0.0,0.0,0.0,2000.0
1461183512041156438,68,1461183511973097852,pose_estimate,1.77444440532,-0.737008064152,-0.0573419420265,-0.0651746770331,0.0591760096226,-0.703579959684,0.705142327257,0.01,0.0,0.0,0.0,0.0,0.0,0.0,0.01,0.0,0.0,0.0,0.0,0.0,0.0,0.01,0.0,0.0,0.0,0.0,0.0,0.0,2000.0,0.0,0.0,0.0,0.0,0.0,0.0,2000.0,0.0,0.0,0.0,0.0,0.0,0.0,2000.0
1461183512563764446,69,1461183512500499563,pose_estimate,1.50339622545,-0.636202718316,-0.0274079122127,-0.0605463763358,0.0588388498582,-0.703961981697,0.705201853646,0.01,0.0,0.0,0.0,0.0,0.0,0.0,0.01,0.0,0.0,0.0,0.0,0.0,0.0,0.01,0.0,0.0,0.0,0.0,0.0,0.0,2000.0,0.0,0.0,0.0,0.0,0.0,0.0,2000.0,0.0,0.0,0.0,0.0,0.0,0.0,2000.0
1461183512920961265,70,1461183512851227118,pose_estimate,1.28562291812,-0.492809171301,-0.0235607055038,-0.0571735305504,0.0569348168889,-0.704855391667,0.704747111288,0.01,0.0,0.0,0.0,0.0,0.0,0.0,0.01,0.0,0.0,0.0,0.0,0.0,0.0,0.01,0.0,0.0,0.0,0.0,0.0,0.0,2000.0,0.0,0.0,0.0,0.0,0.0,0.0,2000.0,0.0,0.0,0.0,0.0,0.0,0.0,2000.0
1461183513258149535,71,1461183513182946500,pose_estimate,1.08938130412,-0.365650573711,-0.0130305006004,-0.0459223238393,0.0574475946203,-0.70273572679,0.707639323623,0.01,0.0,0.0,0.0,0.0,0.0,0.0,0.01,0.0,0.0,0.0,0.0,0.0,0.0,0.01,0.0,0.0,0.0,0.0,0.0,0.0,2000.0,0.0,0.0,0.0,0.0,0.0,0.0,2000.0,0.0,0.0,0.0,0.0,0.0,0.0,2000.0
1461183513583166424,72,1461183513514955136,pose_estimate,0.930583254543,-0.273432594084,-0.00327351275513,-0.0432800686002,0.0462039959502,-0.697213205418,0.714062863207,0.01,0.0,0.0,0.0,0.0,0.0,0.0,0.01,0.0,0.0,0.0,0.0,0.0,0.0,0.01,0.0,0.0,0.0,0.0,0.0,0.0,2000.0,0.0,0.0,0.0,0.0,0.0,0.0,2000.0,0.0,0.0,0.0,0.0,0.0,0.0,2000.0
1461183513919720255,73,1461183513854950295,pose_estimate,0.766258238983,-0.202788399392,-0.00755629197431,-0.0253775915265,0.0320049128692,-0.700398968613,0.712581888744,0.01,0.0,0.0,0.0,0.0,0.0,0.0,0.01,0.0,0.0,0.0,0.0,0.0,0.0,0.01,0.0,0.0,0.0,0.0,0.0,0.0,2000.0,0.0,0.0,0.0,0.0,0.0,0.0,2000.0,0.0,0.0,0.0,0.0,0.0,0.0,2000.0
1461183514282537343,74,1461183514214578847,pose_estimate,0.609939837116,-0.137597983057,0.0108871202695,0.0156563696181,0.00308415820201,-0.702644378924,0.711362244447,0.01,0.0,0.0,0.0,0.0,0.0,0.0,0.01,0.0,0.0,0.0,0.0,0.0,0.0,0.01,0.0,0.0,0.0,0.0,0.0,0.0,2000.0,0.0,0.0,0.0,0.0,0.0,0.0,2000.0,0.0,0.0,0.0,0.0,0.0,0.0,2000.0
1461183514656330197,75,1461183514591883494,pose_estimate,0.483861511007,-0.0493016002579,0.0138900703461,0.0579157474409,-0.0292538958533,-0.711988037002,0.699187393294,0.01,0.0,0.0,0.0,0.0,0.0,0.0,0.01,0.0,0.0,0.0,0.0,0.0,0.0,0.01,0.0,0.0,0.0,0.0,0.0,0.0,2000.0,0.0,0.0,0.0,0.0,0.0,0.0,2000.0,0.0,0.0,0.0,0.0,0.0,0.0,2000.0
1461183515180304929,76,1461183514986155814,pose_estimate,0.431516897155,0.034601282812,0.0236285700267,0.0756668479171,-0.0374453837922,-0.713733864917,0.695310248328,0.01,0.0,0.0,0.0,0.0,0.0,0.0,0.01,0.0,0.0,0.0,0.0,0.0,0.0,0.01,0.0,0.0,0.0,0.0,0.0,0.0,2000.0,0.0,0.0,0.0,0.0,0.0,0.0,2000.0,0.0,0.0,0.0,0.0,0.0,0.0,2000.0
1461183515607756702,77,1461183515374371542,pose_estimate,0.447887928042,0.0761638799237,0.0237728781543,0.0806366620909,-0.0436752990173,-0.706428464374,0.70181836803,0.01,0.0,0.0,0.0,0.0,0.0,0.0,0.01,0.0,0.0,0.0,0.0,0.0,0.0,0.01,0.0,0.0,0.0,0.0,0.0,0.0,2000.0,0.0,0.0,0.0,0.0,0.0,0.0,2000.0,0.0,0.0,0.0,0.0,0.0,0.0,2000.0
1461183515965106823,78,1461183515757168089,pose_estimate,0.51270241992,0.118435455455,0.0365048279663,0.0882995322811,-0.0541073676953,-0.713789456455,0.692661675866,0.01,0.0,0.0,0.0,0.0,0.0,0.0,0.01,0.0,0.0,0.0,0.0,0.0,0.0,0.01,0.0,0.0,0.0,0.0,0.0,0.0,2000.0,0.0,0.0,0.0,0.0,0.0,0.0,2000.0,0.0,0.0,0.0,0.0,0.0,0.0,2000.0
1461183516366192534,79,1461183516128582898,pose_estimate,0.609803530642,0.119011584924,0.05433442028,0.0707308267086,-0.0486597906192,-0.724857691083,0.683528128615,0.01,0.0,0.0,0.0,0.0,0.0,0.0,0.01,0.0,0.0,0.0,0.0,0.0,0.0,0.01,0.0,0.0,0.0,0.0,0.0,0.0,2000.0,0.0,0.0,0.0,0.0,0.0,0.0,2000.0,0.0,0.0,0.0,0.0,0.0,0.0,2000.0
1461183516554586393,80,1461183516487698511,pose_estimate,0.711363540915,0.0872517669025,0.129056960984,0.0411982697279,-0.0489035254297,-0.735636963436,0.674351099798,0.01,0.0,0.0,0.0,0.0,0.0,0.0,0.01,0.0,0.0,0.0,0.0,0.0,0.0,0.01,0.0,0.0,0.0,0.0,0.0,0.0,2000.0,0.0,0.0,0.0,0.0,0.0,0.0,2000.0,0.0,0.0,0.0,0.0,0.0,0.0,2000.0
1461183516907212799,81,1461183516843872324,pose_estimate,0.774567534544,0.0569013292354,0.221786093976,0.0497393647947,-0.0102497464209,-0.734746941187,0.676437632531,0.01,0.0,0.0,0.0,0.0,0.0,0.0,0.01,0.0,0.0,0.0,0.0,0.0,0.0,0.01,0.0,0.0,0.0,0.0,0.0,0.0,2000.0,0.0,0.0,0.0,0.0,0.0,0.0,2000.0,0.0,0.0,0.0,0.0,0.0,0.0,2000.0
1461183517263820926,82,1461183517190544156,pose_estimate,0.839488410107,0.0394691485967,0.29026516715,0.0583315249531,0.0150290783451,-0.72326413943,0.687939346611,0.01,0.0,0.0,0.0,0.0,0.0,0.0,0.01,0.0,0.0,0.0,0.0,0.0,0.0,0.01,0.0,0.0,0.0,0.0,0.0,0.0,2000.0,0.0,0.0,0.0,0.0,0.0,0.0,2000.0,0.0,0.0,0.0,0.0,0.0,0.0,2000.0
1461183517602687971,83,1461183517530824057,pose_estimate,0.936015921351,0.0354451377283,0.329053403646,0.0575542143985,0.0255726598551,-0.727832942349,0.682856324203,0.01,0.0,0.0,0.0,0.0,0.0,0.0,0.01,0.0,0.0,0.0,0.0,0.0,0.0,0.01,0.0,0.0,0.0,0.0,0.0,0.0,2000.0,0.0,0.0,0.0,0.0,0.0,0.0,2000.0,0.0,0.0,0.0,0.0,0.0,0.0,2000.0
1461183517932793287,84,1461183517868902535,pose_estimate,1.06421972884,0.0505993826247,0.34978962141,0.0473826909316,0.0282018696855,-0.723680731698,0.687928581842,0.01,0.0,0.0,0.0,0.0,0.0,0.0,0.01,0.0,0.0,0.0,0.0,0.0,0.0,0.01,0.0,0.0,0.0,0.0,0.0,0.0,2000.0,0.0,0.0,0.0,0.0,0.0,0.0,2000.0,0.0,0.0,0.0,0.0,0.0,0.0,2000.0
1461183518269760509,85,1461183518206613308,pose_estimate,1.2076225335,0.0618998377349,0.383563415785,0.0234069889348,0.0213675562382,-0.721067728694,0.692139343663,0.01,0.0,0.0,0.0,0.0,0.0,0.0,0.01,0.0,0.0,0.0,0.0,0.0,0.0,0.01,0.0,0.0,0.0,0.0,0.0,0.0,2000.0,0.0,0.0,0.0,0.0,0.0,0.0,2000.0,0.0,0.0,0.0,0.0,0.0,0.0,2000.0
1461183518607135394,86,1461183518538703068,pose_estimate,1.35666077489,0.0504421844618,0.407433617441,0.0206576144848,0.0243212699697,-0.717751973832,0.695567281326,0.01,0.0,0.0,0.0,0.0,0.0,0.0,0.01,0.0,0.0,0.0,0.0,0.0,0.0,0.01,0.0,0.0,0.0,0.0,0.0,0.0,2000.0,0.0,0.0,0.0,0.0,0.0,0.0,2000.0,0.0,0.0,0.0,0.0,0.0,0.0,2000.0
1461183518938161637,87,1461183518870155118,pose_estimate,1.51517846554,0.0236043893478,0.421565333121,0.014075366599,0.0445859264342,-0.7170238359,0.695478826399,0.01,0.0,0.0,0.0,0.0,0.0,0.0,0.01,0.0,0.0,0.0,0.0,0.0,0.0,0.01,0.0,0.0,0.0,0.0,0.0,0.0,2000.0,0.0,0.0,0.0,0.0,0.0,0.0,2000.0,0.0,0.0,0.0,0.0,0.0,0.0,2000.0
1461183519270824610,88,1461183519203190052,pose_estimate,1.65767111488,-0.00175721218686,0.409785915942,0.0225207145138,0.0347120897384,-0.716243589338,0.69662257283,0.01,0.0,0.0,0.0,0.0,0.0,0.0,0.01,0.0,0.0,0.0,0.0,0.0,0.0,0.01,0.0,0.0,0.0,0.0,0.0,0.0,2000.0,0.0,0.0,0.0,0.0,0.0,0.0,2000.0,0.0,0.0,0.0,0.0,0.0,0.0,2000.0
1461183519601254409,89,1461183519537103658,pose_estimate,1.66758006414,-0.018998437332,0.285609685473,-0.00403376597083,0.00971674549316,-0.714981812682,0.699063889156,0.01,0.0,0.0,0.0,0.0,0.0,0.0,0.01,0.0,0.0,0.0,0.0,0.0,0.0,0.01,0.0,0.0,0.0,0.0,0.0,0.0,2000.0,0.0,0.0,0.0,0.0,0.0,0.0,2000.0,0.0,0.0,0.0,0.0,0.0,0.0,2000.0
1461183519933498544,90,1461183519870385680,pose_estimate,1.6642462966,-0.0244331608335,0.165510232829,-0.0301347891932,0.0614637530582,-0.714418810185,0.696361878045,0.01,0.0,0.0,0.0,0.0,0.0,0.0,0.01,0.0,0.0,0.0,0.0,0.0,0.0,0.01,0.0,0.0,0.0,0.0,0.0,0.0,2000.0,0.0,0.0,0.0,0.0,0.0,0.0,2000.0,0.0,0.0,0.0,0.0,0.0,0.0,2000.0
1461183520270075772,91,1461183520202309952,pose_estimate,1.66536571132,-0.0298608371133,0.0582841785845,-0.0343846049088,0.086505196264,-0.705386572057,0.702683665618,0.01,0.0,0.0,0.0,0.0,0.0,0.0,0.01,0.0,0.0,0.0,0.0,0.0,0.0,0.01,0.0,0.0,0.0,0.0,0.0,0.0,2000.0,0.0,0.0,0.0,0.0,0.0,0.0,2000.0,0.0,0.0,0.0,0.0,0.0,0.0,2000.0
1461183520601392834,92,1461183520535372856,pose_estimate,1.69191293923,-0.04983963367,-0.0431762346023,-0.0202317800036,0.0997453609796,-0.708330731696,0.698504912349,0.01,0.0,0.0,0.0,0.0,0.0,0.0,0.01,0.0,0.0,0.0,0.0,0.0,0.0,0.01,0.0,0.0,0.0,0.0,0.0,0.0,2000.0,0.0,0.0,0.0,0.0,0.0,0.0,2000.0,0.0,0.0,0.0,0.0,0.0,0.0,2000.0
1461183520932719325,93,1461183520866736296,pose_estimate,1.7295527792,-0.0677361023268,-0.147675865411,-0.0250057451426,0.133193913817,-0.707096440667,0.694009162495,0.01,0.0,0.0,0.0,0.0,0.0,0.0,0.01,0.0,0.0,0.0,0.0,0.0,0.0,0.01,0.0,0.0,0.0,0.0,0.0,0.0,2000.0,0.0,0.0,0.0,0.0,0.0,0.0,2000.0,0.0,0.0,0.0,0.0,0.0,0.0,2000.0
1461183521263867371,94,1461183521199313828,pose_estimate,1.79184023091,-0.0644615768646,-0.230564595965,-0.028343727497,0.126577547698,-0.703193065863,0.699066713306,0.01,0.0,0.0,0.0,0.0,0.0,0.0,0.01,0.0,0.0,0.0,0.0,0.0,0.0,0.01,0.0,0.0,0.0,0.0,0.0,0.0,2000.0,0.0,0.0,0.0,0.0,0.0,0.0,2000.0,0.0,0.0,0.0,0.0,0.0,0.0,2000.0
1461183521792830447,95,1461183521729783871,pose_estimate,1.96014767284,-0.0780176084639,-0.376257111748,0.142437527689,-0.0338875039015,-0.70781391277,0.691059080451,0.01,0.0,0.0,0.0,0.0,0.0,0.0,0.01,0.0,0.0,0.0,0.0,0.0,0.0,0.01,0.0,0.0,0.0,0.0,0.0,0.0,2000.0,0.0,0.0,0.0,0.0,0.0,0.0,2000.0,0.0,0.0,0.0,0.0,0.0,0.0,2000.0
1461183522323713180,96,1461183522256091282,pose_estimate,2.15676954606,-0.113887425509,-0.474041285236,0.0258717033772,0.0881353217613,-0.720414652176,0.687434032437,0.01,0.0,0.0,0.0,0.0,0.0,0.0,0.01,0.0,0.0,0.0,0.0,0.0,0.0,0.01,0.0,0.0,0.0,0.0,0.0,0.0,2000.0,0.0,0.0,0.0,0.0,0.0,0.0,2000.0,0.0,0.0,0.0,0.0,0.0,0.0,2000.0
1461183522837987865,97,1461183522774146300,pose_estimate,2.32771950264,-0.185497730411,-0.387374946397,0.0075903915163,0.0704862361635,-0.735709217539,0.6735770362,0.01,0.0,0.0,0.0,0.0,0.0,0.0,0.01,0.0,0.0,0.0,0.0,0.0,0.0,0.01,0.0,0.0,0.0,0.0,0.0,0.0,2000.0,0.0,0.0,0.0,0.0,0.0,0.0,2000.0,0.0,0.0,0.0,0.0,0.0,0.0,2000.0
1461183523354647281,98,1461183523291647448,pose_estimate,2.36909188042,-0.204035039626,-0.237410456114,-0.0366205000063,0.10796281367,-0.729301753127,0.674627247249,0.01,0.0,0.0,0.0,0.0,0.0,0.0,0.01,0.0,0.0,0.0,0.0,0.0,0.0,0.01,0.0,0.0,0.0,0.0,0.0,0.0,2000.0,0.0,0.0,0.0,0.0,0.0,0.0,2000.0,0.0,0.0,0.0,0.0,0.0,0.0,2000.0
1461183523874479377,99,1461183523806815178,pose_estimate,2.42691443279,-0.232765947797,-0.15253771774,-0.0511114354363,0.110587559699,-0.733315743681,0.668884170001,0.01,0.0,0.0,0.0,0.0,0.0,0.0,0.01,0.0,0.0,0.0,0.0,0.0,0.0,0.01,0.0,0.0,0.0,0.0,0.0,0.0,2000.0,0.0,0.0,0.0,0.0,0.0,0.0,2000.0,0.0,0.0,0.0,0.0,0.0,0.0,2000.0
1461183524402691449,100,1461183524323942546,pose_estimate,2.53689364706,-0.266439006818,-0.0528912025964,-0.0658853321437,0.102829691677,-0.727964990713,0.674649649681,0.01,0.0,0.0,0.0,0.0,0.0,0.0,0.01,0.0,0.0,0.0,0.0,0.0,0.0,0.01,0.0,0.0,0.0,0.0,0.0,0.0,2000.0,0.0,0.0,0.0,0.0,0.0,0.0,2000.0,0.0,0.0,0.0,0.0,0.0,0.0,2000.0
1461183524914771791,101,1461183524840214625,pose_estimate,2.59671968445,-0.175681281945,0.002642197479,-0.0818869286516,0.0998739700271,-0.718665692567,0.683256425769,0.01,0.0,0.0,0.0,0.0,0.0,0.0,0.01,0.0,0.0,0.0,0.0,0.0,0.0,0.01,0.0,0.0,0.0,0.0,0.0,0.0,2000.0,0.0,0.0,0.0,0.0,0.0,0.0,2000.0,0.0,0.0,0.0,0.0,0.0,0.0,2000.0
1461183525432745550,102,1461183525357277756,pose_estimate,2.57159885314,-0.00120902677872,0.0135663200574,-0.104836333338,0.124114206275,-0.714611965163,0.680393082165,0.01,0.0,0.0,0.0,0.0,0.0,0.0,0.01,0.0,0.0,0.0,0.0,0.0,0.0,0.01,0.0,0.0,0.0,0.0,0.0,0.0,2000.0,0.0,0.0,0.0,0.0,0.0,0.0,2000.0,0.0,0.0,0.0,0.0,0.0,0.0,2000.0
1461183526200041797,103,1461183525872361218,pose_estimate,2.46360573426,0.15179907248,0.0256522693782,-0.136231576131,0.142132067709,-0.703771788507,0.68260142301,0.01,0.0,0.0,0.0,0.0,0.0,0.0,0.01,0.0,0.0,0.0,0.0,0.0,0.0,0.01,0.0,0.0,0.0,0.0,0.0,0.0,2000.0,0.0,0.0,0.0,0.0,0.0,0.0,2000.0,0.0,0.0,0.0,0.0,0.0,0.0,2000.0
1461183526456002698,104,1461183526391992494,pose_estimate,2.25415824749,0.267032427496,0.0382753859305,0.0797279758397,-0.0843824891936,-0.712680349593,0.691816279578,0.01,0.0,0.0,0.0,0.0,0.0,0.0,0.01,0.0,0.0,0.0,0.0,0.0,0.0,0.01,0.0,0.0,0.0,0.0,0.0,0.0,2000.0,0.0,0.0,0.0,0.0,0.0,0.0,2000.0,0.0,0.0,0.0,0.0,0.0,0.0,2000.0
1461183526976509181,105,1461183526911773524,pose_estimate,2.00880868685,0.394439212404,0.0186374716056,0.0720608901416,-0.0770158196844,-0.710706913021,0.695536825348,0.01,0.0,0.0,0.0,0.0,0.0,0.0,0.01,0.0,0.0,0.0,0.0,0.0,0.0,0.01,0.0,0.0,0.0,0.0,0.0,0.0,2000.0,0.0,0.0,0.0,0.0,0.0,0.0,2000.0,0.0,0.0,0.0,0.0,0.0,0.0,2000.0
1461183527515713503,106,1461183527436140746,pose_estimate,1.76318438684,0.45281076529,0.0151456749414,0.0663403230876,-0.0718065645226,-0.705311888136,0.702123863203,0.01,0.0,0.0,0.0,0.0,0.0,0.0,0.01,0.0,0.0,0.0,0.0,0.0,0.0,0.01,0.0,0.0,0.0,0.0,0.0,0.0,2000.0,0.0,0.0,0.0,0.0,0.0,0.0,2000.0,0.0,0.0,0.0,0.0,0.0,0.0,2000.0
1461183528347128588,107,1461183528280726643,pose_estimate,1.28405143122,0.408808837588,0.028744519551,0.06047200103,-0.0648842026361,-0.712431595563,0.696113783072,0.01,0.0,0.0,0.0,0.0,0.0,0.0,0.01,0.0,0.0,0.0,0.0,0.0,0.0,0.01,0.0,0.0,0.0,0.0,0.0,0.0,2000.0,0.0,0.0,0.0,0.0,0.0,0.0,2000.0,0.0,0.0,0.0,0.0,0.0,0.0,2000.0
1461183528678196596,108,1461183528612037187,pose_estimate,1.09600227691,0.383181890365,0.0308892982806,0.0601636570755,-0.0686414212361,-0.717579805342,0.690469342277,0.01,0.0,0.0,0.0,0.0,0.0,0.0,0.01,0.0,0.0,0.0,0.0,0.0,0.0,0.01,0.0,0.0,0.0,0.0,0.0,0.0,2000.0,0.0,0.0,0.0,0.0,0.0,0.0,2000.0,0.0,0.0,0.0,0.0,0.0,0.0,2000.0
1461183529016220865,109,1461183528948092079,pose_estimate,0.942813075207,0.340621591465,0.0490634429154,0.0591512010745,-0.0579128132388,-0.712656933437,0.696611323981,0.01,0.0,0.0,0.0,0.0,0.0,0.0,0.01,0.0,0.0,0.0,0.0,0.0,0.0,0.01,0.0,0.0,0.0,0.0,0.0,0.0,2000.0,0.0,0.0,0.0,0.0,0.0,0.0,2000.0,0.0,0.0,0.0,0.0,0.0,0.0,2000.0
1461183529359565854,110,1461183529290953291,pose_estimate,0.793163732479,0.279098402482,0.0373981767787,0.0585522800938,-0.061694271888,-0.713766676484,0.695199668335,0.01,0.0,0.0,0.0,0.0,0.0,0.0,0.01,0.0,0.0,0.0,0.0,0.0,0.0,0.01,0.0,0.0,0.0,0.0,0.0,0.0,2000.0,0.0,0.0,0.0,0.0,0.0,0.0,2000.0,0.0,0.0,0.0,0.0,0.0,0.0,2000.0
1461183529715387289,111,1461183529643061241,pose_estimate,0.666230983645,0.21117595306,0.0471132384787,0.0613254282488,-0.0508343079965,-0.709340032483,0.70035118569,0.01,0.0,0.0,0.0,0.0,0.0,0.0,0.01,0.0,0.0,0.0,0.0,0.0,0.0,0.01,0.0,0.0,0.0,0.0,0.0,0.0,2000.0,0.0,0.0,0.0,0.0,0.0,0.0,2000.0,0.0,0.0,0.0,0.0,0.0,0.0,2000.0
1461183530064217053,112,1461183529999887749,pose_estimate,0.57235143945,0.177001095245,0.0444178014363,0.0573462638378,-0.0438416136852,-0.713715938309,0.696705732958,0.01,0.0,0.0,0.0,0.0,0.0,0.0,0.01,0.0,0.0,0.0,0.0,0.0,0.0,0.01,0.0,0.0,0.0,0.0,0.0,0.0,2000.0,0.0,0.0,0.0,0.0,0.0,0.0,2000.0,0.0,0.0,0.0,0.0,0.0,0.0,2000.0
1461183530796213070,113,1461183530733196051,pose_estimate,0.47937508011,0.101709302805,0.0285953663798,0.059803778823,-0.0521363118625,-0.716960768373,0.692583980206,0.01,0.0,0.0,0.0,0.0,0.0,0.0,0.01,0.0,0.0,0.0,0.0,0.0,0.0,0.01,0.0,0.0,0.0,0.0,0.0,0.0,2000.0,0.0,0.0,0.0,0.0,0.0,0.0,2000.0,0.0,0.0,0.0,0.0,0.0,0.0,2000.0
1461183531182640701,114,1461183531118311909,pose_estimate,0.479024304543,-0.0234184730598,0.0274474043118,0.0280740728931,-0.00842481688001,-0.701171150826,0.712390262526,0.01,0.0,0.0,0.0,0.0,0.0,0.0,0.01,0.0,0.0,0.0,0.0,0.0,0.0,0.01,0.0,0.0,0.0,0.0,0.0,0.0,2000.0,0.0,0.0,0.0,0.0,0.0,0.0,2000.0,0.0,0.0,0.0,0.0,0.0,0.0,2000.0
1461183531566328809,115,1461183531503146023,pose_estimate,0.51034351854,-0.0870304612459,0.018916035243,-0.0136198081015,0.0146907635581,-0.705226800569,0.708698696241,0.01,0.0,0.0,0.0,0.0,0.0,0.0,0.01,0.0,0.0,0.0,0.0,0.0,0.0,0.01,0.0,0.0,0.0,0.0,0.0,0.0,2000.0,0.0,0.0,0.0,0.0,0.0,0.0,2000.0,0.0,0.0,0.0,0.0,0.0,0.0,2000.0
1461183531942241975,116,1461183531879108816,pose_estimate,0.60118829894,-0.102479863336,0.0271846483845,-0.0127355784043,0.0336804724044,-0.710852136,0.702419156605,0.01,0.0,0.0,0.0,0.0,0.0,0.0,0.01,0.0,0.0,0.0,0.0,0.0,0.0,0.01,0.0,0.0,0.0,0.0,0.0,0.0,2000.0,0.0,0.0,0.0,0.0,0.0,0.0,2000.0,0.0,0.0,0.0,0.0,0.0,0.0,2000.0
1461183532301169321,117,1461183532237765185,pose_estimate,0.744045320212,-0.115278187109,0.0252220540997,-0.0318488752584,0.0457105480812,-0.710536281094,0.701451629257,0.01,0.0,0.0,0.0,0.0,0.0,0.0,0.01,0.0,0.0,0.0,0.0,0.0,0.0,0.01,0.0,0.0,0.0,0.0,0.0,0.0,2000.0,0.0,0.0,0.0,0.0,0.0,0.0,2000.0,0.0,0.0,0.0,0.0,0.0,0.0,2000.0
1461183532654377505,118,1461183532586420356,pose_estimate,0.88731656758,-0.147186060895,0.00958710444693,-0.0505249167055,0.0490414338777,-0.701350454276,0.709330466596,0.01,0.0,0.0,0.0,0.0,0.0,0.0,0.01,0.0,0.0,0.0,0.0,0.0,0.0,0.01,0.0,0.0,0.0,0.0,0.0,0.0,2000.0,0.0,0.0,0.0,0.0,0.0,0.0,2000.0,0.0,0.0,0.0,0.0,0.0,0.0,2000.0
1461183532991964918,119,1461183532924103284,pose_estimate,1.03893245644,-0.177464651231,-0.0023817443459,-0.0511112460427,0.0554937930146,-0.714428038059,0.695629684458,0.01,0.0,0.0,0.0,0.0,0.0,0.0,0.01,0.0,0.0,0.0,0.0,0.0,0.0,0.01,0.0,0.0,0.0,0.0,0.0,0.0,2000.0,0.0,0.0,0.0,0.0,0.0,0.0,2000.0,0.0,0.0,0.0,0.0,0.0,0.0,2000.0
1461183533322674989,120,1461183533259586086,pose_estimate,1.14140662743,-0.151543605221,0.00336887750086,-0.0533682394525,0.0531951559329,-0.714360829233,0.695708783947,0.01,0.0,0.0,0.0,0.0,0.0,0.0,0.01,0.0,0.0,0.0,0.0,0.0,0.0,0.01,0.0,0.0,0.0,0.0,0.0,0.0,2000.0,0.0,0.0,0.0,0.0,0.0,0.0,2000.0,0.0,0.0,0.0,0.0,0.0,0.0,2000.0
1461183533665970390,121,1461183533599089861,pose_estimate,1.19859339793,-0.0255560760347,-0.0161992025143,0.0989490695621,-0.101718633474,-0.703062556586,0.696825259849,0.01,0.0,0.0,0.0,0.0,0.0,0.0,0.01,0.0,0.0,0.0,0.0,0.0,0.0,0.01,0.0,0.0,0.0,0.0,0.0,0.0,2000.0,0.0,0.0,0.0,0.0,0.0,0.0,2000.0,0.0,0.0,0.0,0.0,0.0,0.0,2000.0
1461183534005443168,122,1461183533939851265,pose_estimate,1.25098848675,0.0671520270246,-0.112508491631,0.0897220528215,-0.0748781898351,-0.706206977627,0.698294289447,0.01,0.0,0.0,0.0,0.0,0.0,0.0,0.01,0.0,0.0,0.0,0.0,0.0,0.0,0.01,0.0,0.0,0.0,0.0,0.0,0.0,2000.0,0.0,0.0,0.0,0.0,0.0,0.0,2000.0,0.0,0.0,0.0,0.0,0.0,0.0,2000.0
1461183534343010047,123,1461183534279785756,pose_estimate,1.35775611087,0.123355150518,-0.262924295861,0.0644308063211,-0.0394886193703,-0.702062807808,0.708094014966,0.01,0.0,0.0,0.0,0.0,0.0,0.0,0.01,0.0,0.0,0.0,0.0,0.0,0.0,0.01,0.0,0.0,0.0,0.0,0.0,0.0,2000.0,0.0,0.0,0.0,0.0,0.0,0.0,2000.0,0.0,0.0,0.0,0.0,0.0,0.0,2000.0
1461183534684231441,124,1461183534611968514,pose_estimate,1.50019959033,0.191126648255,-0.365205311954,0.0371008523177,-0.0124528962502,-0.718136308699,0.694801190457,0.01,0.0,0.0,0.0,0.0,0.0,0.0,0.01,0.0,0.0,0.0,0.0,0.0,0.0,0.01,0.0,0.0,0.0,0.0,0.0,0.0,2000.0,0.0,0.0,0.0,0.0,0.0,0.0,2000.0,0.0,0.0,0.0,0.0,0.0,0.0,2000.0
1461183535007865124,125,1461183534944540274,pose_estimate,1.59629467441,0.296470596715,-0.408371625222,0.0361430382751,-0.0177088815515,-0.702749092228,0.710298380733,0.01,0.0,0.0,0.0,0.0,0.0,0.0,0.01,0.0,0.0,0.0,0.0,0.0,0.0,0.01,0.0,0.0,0.0,0.0,0.0,0.0,2000.0,0.0,0.0,0.0,0.0,0.0,0.0,2000.0,0.0,0.0,0.0,0.0,0.0,0.0,2000.0
1461183535359216019,126,1461183535277057165,pose_estimate,1.68326362413,0.417626107409,-0.430740941163,0.0431832531249,-0.0354492586406,-0.688564634395,0.723019571638,0.01,0.0,0.0,0.0,0.0,0.0,0.0,0.01,0.0,0.0,0.0,0.0,0.0,0.0,0.01,0.0,0.0,0.0,0.0,0.0,0.0,2000.0,0.0,0.0,0.0,0.0,0.0,0.0,2000.0,0.0,0.0,0.0,0.0,0.0,0.0,2000.0
1461183535678211262,127,1461183535605514502,pose_estimate,1.78869068572,0.529692287792,-0.433525259701,0.0501782175936,-0.0411674062655,-0.690134780652,0.720764438409,0.01,0.0,0.0,0.0,0.0,0.0,0.0,0.01,0.0,0.0,0.0,0.0,0.0,0.0,0.01,0.0,0.0,0.0,0.0,0.0,0.0,2000.0,0.0,0.0,0.0,0.0,0.0,0.0,2000.0,0.0,0.0,0.0,0.0,0.0,0.0,2000.0
1461183536202080045,128,1461183536132840791,pose_estimate,1.94650276388,0.648857828866,-0.407316011205,0.0554767712356,-0.0614964287469,-0.710009696054,0.699304474899,0.01,0.0,0.0,0.0,0.0,0.0,0.0,0.01,0.0,0.0,0.0,0.0,0.0,0.0,0.01,0.0,0.0,0.0,0.0,0.0,0.0,2000.0,0.0,0.0,0.0,0.0,0.0,0.0,2000.0,0.0,0.0,0.0,0.0,0.0,0.0,2000.0
1461183536717175994,129,1461183536653963236,pose_estimate,2.01152178483,0.828495561521,-0.402864277179,0.0615356691151,-0.0655632511229,-0.696080244767,0.712311107855,0.01,0.0,0.0,0.0,0.0,0.0,0.0,0.01,0.0,0.0,0.0,0.0,0.0,0.0,0.01,0.0,0.0,0.0,0.0,0.0,0.0,2000.0,0.0,0.0,0.0,0.0,0.0,0.0,2000.0,0.0,0.0,0.0,0.0,0.0,0.0,2000.0
1461183537244199368,130,1461183537176783356,pose_estimate,1.97534299543,0.959948636176,-0.37558840975,0.0661440123583,-0.0687206019906,-0.687796497458,0.719609912783,0.01,0.0,0.0,0.0,0.0,0.0,0.0,0.01,0.0,0.0,0.0,0.0,0.0,0.0,0.01,0.0,0.0,0.0,0.0,0.0,0.0,2000.0,0.0,0.0,0.0,0.0,0.0,0.0,2000.0,0.0,0.0,0.0,0.0,0.0,0.0,2000.0
